NO2,C2H50H,VOC,CO,Alcohol,LPG,Benzene,Temperature,Pressure,Humidity,Gas_Resistance,Altitude
40,66,91,790,2,23,0,33.59,688.6,100.0,0.0,3170.54
40,66,90,790,3,22,0,33.59,688.6,100.0,0.0,3170.54
40,66,90,788,3,22,0,33.59,688.6,100.0,0.0,3170.54
40,66,90,787,3,22,0,33.59,688.6,100.0,0.0,3170.54
40,65,90,786,3,22,0,33.59,688.6,100.0,0.0,3170.54
40,66,90,785,3,21,0,33.59,688.6,100.0,0.0,3170.54
39,65,89,785,3,22,0,33.59,688.6,100.0,0.0,3170.54
40,65,90,784,3,22,0,33.59,688.6,100.0,0.0,3170.54
40,66,89,784,3,22,0,33.59,688.6,100.0,0.0,3170.54
40,65,90,784,2,22,0,33.59,688.6,100.0,0.0,3170.54
40,66,89,783,3,22,0,33.59,688.6,100.0,0.0,3170.54
39,66,89,782,3,21,0,33.59,688.6,100.0,0.0,3170.54
39,66,89,781,3,21,0,33.59,688.6,100.0,0.0,3170.54
40,65,89,780,3,22,0,33.59,688.6,100.0,0.0,3170.54
39,65,89,780,2,23,0,33.59,688.6,100.0,0.0,3170.54
40,65,89,779,3,22,0,33.59,688.6,100.0,0.0,3170.54
39,65,89,779,3,22,0,33.59,688.6,100.0,0.0,3170.54
39,65,89,779,3,21,0,33.59,688.6,100.0,0.0,3170.54
39,65,89,778,3,21,0,33.59,688.6,100.0,0.0,3170.54
39,66,88,779,3,21,0,33.59,688.6,100.0,0.0,3170.54
39,66,89,779,3,22,0,33.59,688.6,100.0,0.0,3170.54
39,65,88,779,3,22,0,33.59,688.6,100.0,0.0,3170.54
39,65,89,779,3,22,0,33.59,688.6,100.0,0.0,3170.54
39,66,88,780,3,21,0,33.59,688.6,100.0,0.0,3170.54
39,66,88,780,2,22,0,33.59,688.6,100.0,0.0,3170.54
39,65,89,780,3,21,0,33.59,688.6,100.0,0.0,3170.54
39,65,89,780,3,23,0,33.59,688.6,100.0,0.0,3170.54
39,66,89,781,3,21,0,33.59,688.6,100.0,0.0,3170.54
38,65,88,781,3,22,0,33.59,688.6,100.0,0.0,3170.54
39,66,89,781,3,21,0,33.59,688.6,100.0,0.0,3170.54
39,65,88,782,3,21,0,33.59,688.6,100.0,0.0,3170.54
39,65,89,782,3,21,0,33.59,688.6,100.0,0.0,3170.54
39,66,88,781,3,22,0,33.59,688.6,100.0,0.0,3170.54
38,65,88,780,3,22,0,33.59,688.6,100.0,0.0,3170.54
38,65,88,780,3,22,0,33.59,688.6,100.0,0.0,3170.54
39,65,88,780,3,22,0,33.59,688.6,100.0,0.0,3170.54
39,65,88,780,3,22,0,33.59,688.6,100.0,0.0,3170.54
39,65,88,780,3,22,0,33.59,688.6,100.0,0.0,3170.54
38,65,88,779,3,22,0,33.59,688.6,100.0,0.0,3170.54
38,65,88,778,3,21,0,33.59,688.6,100.0,0.0,3170.54
38,65,88,778,3,22,0,33.59,688.6,100.0,0.0,3170.54
38,65,88,778,3,22,0,33.59,688.6,100.0,0.0,3170.54
38,65,88,777,3,21,0,33.59,688.6,100.0,0.0,3170.54
38,65,88,778,3,21,0,33.59,688.6,100.0,0.0,3170.54
38,65,88,778,3,21,0,33.59,688.6,100.0,0.0,3170.54
38,65,88,778,3,22,0,33.59,688.6,100.0,0.0,3170.54
38,64,88,778,4,21,0,33.59,688.6,100.0,0.0,3170.54
38,65,88,779,3,22,0,33.59,688.6,100.0,0.0,3170.54
38,65,88,779,3,22,0,33.59,688.6,100.0,0.0,3170.54
39,65,88,779,3,22,0,33.59,688.6,100.0,0.0,3170.54
38,65,88,779,2,22,0,33.59,688.6,100.0,0.0,3170.54
39,65,89,780,3,22,0,33.59,688.6,100.0,0.0,3170.54
39,65,89,780,3,22,0,33.59,688.6,100.0,0.0,3170.54
39,65,89,782,3,22,0,33.59,688.6,100.0,0.0,3170.54
38,65,88,781,3,22,0,33.59,688.6,100.0,0.0,3170.54
36,65,88,782,3,22,0,33.59,688.6,100.0,0.0,3170.54
38,65,88,782,3,22,0,33.59,688.6,100.0,0.0,3170.54
38,66,88,783,3,22,0,33.59,688.6,100.0,0.0,3170.54
38,66,88,783,3,22,0,33.59,688.6,100.0,0.0,3170.54
38,66,89,783,3,21,0,33.59,688.6,100.0,0.0,3170.54
39,65,89,784,2,23,0,33.59,688.6,100.0,0.0,3170.54
39,66,89,784,2,21,0,33.59,688.6,100.0,0.0,3170.54
38,65,88,784,3,22,0,33.59,688.6,100.0,0.0,3170.54
39,66,89,784,2,21,0,33.59,688.6,100.0,0.0,3170.54
38,66,89,785,3,21,0,33.59,688.6,100.0,0.0,3170.54
38,65,89,786,2,22,0,33.59,688.6,100.0,0.0,3170.54
38,66,89,787,3,22,0,33.59,688.6,100.0,0.0,3170.54
38,66,89,787,3,22,0,33.59,688.6,100.0,0.0,3170.54
38,66,89,787,3,21,0,33.59,688.6,100.0,0.0,3170.54
38,66,89,788,3,22,0,33.59,688.6,100.0,0.0,3170.54
38,66,89,788,3,23,0,33.59,688.6,100.0,0.0,3170.54
38,66,89,788,3,21,0,33.59,688.6,100.0,0.0,3170.54
39,66,89,788,4,22,0,33.59,688.6,100.0,0.0,3170.54
38,65,89,788,3,21,0,33.59,688.6,100.0,0.0,3170.54
39,66,89,788,3,22,0,33.59,688.6,100.0,0.0,3170.54
38,66,89,788,3,22,0,33.59,688.6,100.0,0.0,3170.54
38,65,88,788,3,22,0,33.59,688.6,100.0,0.0,3170.54
38,66,89,787,3,22,0,33.59,688.6,100.0,0.0,3170.54
39,65,88,789,3,21,0,33.59,688.6,100.0,0.0,3170.54
39,66,89,788,3,22,0,33.59,688.6,100.0,0.0,3170.54
38,65,88,788,3,22,0,33.59,688.6,100.0,0.0,3170.54
39,66,89,788,3,22,0,33.59,688.6,100.0,0.0,3170.54
38,66,89,788,3,21,0,33.59,688.6,100.0,0.0,3170.54
38,65,89,788,3,22,0,33.59,688.6,100.0,0.0,3170.54
38,66,89,788,3,22,0,33.59,688.6,100.0,0.0,3170.54
38,66,88,788,3,22,0,33.59,688.6,100.0,0.0,3170.54
38,66,88,788,3,22,0,33.59,688.6,100.0,0.0,3170.54
38,65,89,788,3,22,0,33.59,688.6,100.0,0.0,3170.54
38,65,89,787,3,21,0,33.59,688.6,100.0,0.0,3170.54
38,66,89,787,2,21,0,33.59,688.6,100.0,0.0,3170.54
39,66,88,786,3,22,0,33.59,688.6,100.0,0.0,3170.54
39,65,89,787,3,22,0,33.59,688.6,100.0,0.0,3170.54
38,66,89,786,3,22,0,33.59,688.6,100.0,0.0,3170.54
38,66,88,785,3,22,0,33.59,688.6,100.0,0.0,3170.54
38,65,88,785,3,22,0,33.59,688.6,100.0,0.0,3170.54
38,65,88,785,3,22,0,33.59,688.6,100.0,0.0,3170.54
38,66,88,784,3,22,0,33.59,688.6,100.0,0.0,3170.54
38,65,88,785,3,22,0,33.59,688.6,100.0,0.0,3170.54
38,65,89,785,3,22,0,33.59,688.6,100.0,0.0,3170.54
38,65,88,784,2,22,0,33.59,688.6,100.0,0.0,3170.54
38,66,88,784,3,22,0,33.59,688.6,100.0,0.0,3170.54
38,65,88,785,3,22,0,33.59,688.6,100.0,0.0,3170.54
38,65,88,785,3,21,0,33.59,688.6,100.0,0.0,3170.54
38,66,89,785,3,21,0,33.59,688.6,100.0,0.0,3170.54
38,65,89,785,3,22,0,33.59,688.6,100.0,0.0,3170.54
38,66,88,785,3,22,0,33.59,688.6,100.0,0.0,3170.54
38,66,89,785,3,21,0,33.59,688.6,100.0,0.0,3170.54
38,65,88,786,3,22,0,33.59,688.6,100.0,0.0,3170.54
39,65,88,786,3,22,0,33.59,688.6,100.0,0.0,3170.54
38,65,89,786,3,21,0,33.59,688.6,100.0,0.0,3170.54
38,66,88,786,3,22,0,33.59,688.6,100.0,0.0,3170.54
38,66,89,786,3,22,0,33.59,688.6,100.0,0.0,3170.54
38,65,88,786,3,22,0,33.59,688.6,100.0,0.0,3170.54
38,66,89,788,3,22,0,33.59,688.6,100.0,0.0,3170.54
39,66,89,788,3,21,0,33.59,688.6,100.0,0.0,3170.54
39,65,89,789,2,22,0,33.59,688.6,100.0,0.0,3170.54
39,66,89,790,3,22,0,33.59,688.6,100.0,0.0,3170.54
38,66,89,790,2,22,0,33.59,688.6,100.0,0.0,3170.54
38,66,89,790,3,22,0,33.59,688.6,100.0,0.0,3170.54
38,65,89,790,3,22,0,33.59,688.6,100.0,0.0,3170.54
39,65,89,791,3,22,0,33.59,688.6,100.0,0.0,3170.54
39,66,89,790,3,21,0,33.59,688.6,100.0,0.0,3170.54
38,66,89,790,3,22,0,33.59,688.6,100.0,0.0,3170.54
38,66,89,791,3,22,0,33.59,688.6,100.0,0.0,3170.54
39,65,89,791,3,22,0,33.59,688.6,100.0,0.0,3170.54
38,66,89,791,3,22,0,33.59,688.6,100.0,0.0,3170.54
38,65,89,790,3,22,0,33.59,688.6,100.0,0.0,3170.54
38,66,89,791,2,21,0,33.59,688.6,100.0,0.0,3170.54
39,66,89,790,3,22,0,33.59,688.6,100.0,0.0,3170.54
39,66,89,790,3,22,0,33.59,688.6,100.0,0.0,3170.54
39,66,89,791,3,22,0,33.59,688.6,100.0,0.0,3170.54
38,66,89,792,3,22,0,33.59,688.6,100.0,0.0,3170.54
39,66,89,792,2,22,0,33.59,688.6,100.0,0.0,3170.54
39,66,90,793,3,22,0,33.59,688.6,100.0,0.0,3170.54
39,66,90,793,3,22,0,33.59,688.6,100.0,0.0,3170.54
38,66,89,793,3,22,0,33.59,688.6,100.0,0.0,3170.54
39,66,90,794,3,22,0,33.59,688.6,100.0,0.0,3170.54
39,66,89,794,3,22,0,33.59,688.6,100.0,0.0,3170.54
39,66,90,794,3,22,0,33.59,688.6,100.0,0.0,3170.54
38,66,89,795,3,22,0,33.59,688.6,100.0,0.0,3170.54
39,66,89,795,3,22,0,33.59,688.6,100.0,0.0,3170.54
39,66,89,795,3,22,0,33.59,688.6,100.0,0.0,3170.54
39,67,89,795,2,22,0,33.59,688.6,100.0,0.0,3170.54
38,67,89,796,3,22,0,33.59,688.6,100.0,0.0,3170.54
39,66,90,795,3,22,0,33.59,688.6,100.0,0.0,3170.54
39,66,89,795,3,22,0,33.59,688.6,100.0,0.0,3170.54
39,67,89,795,3,22,0,33.59,688.6,100.0,0.0,3170.54
39,66,89,795,3,22,0,33.59,688.6,100.0,0.0,3170.54
39,66,89,794,3,22,0,33.59,688.6,100.0,0.0,3170.54
39,66,89,794,3,22,0,33.59,688.6,100.0,0.0,3170.54
39,65,89,792,3,22,0,33.59,688.6,100.0,0.0,3170.54
39,65,89,791,2,22,0,33.59,688.6,100.0,0.0,3170.54
39,65,88,789,3,22,0,33.59,688.6,100.0,0.0,3170.54
39,65,89,788,3,21,0,33.59,688.6,100.0,0.0,3170.54
38,65,88,788,2,22,0,33.59,688.6,100.0,0.0,3170.54
39,65,88,788,3,22,0,33.59,688.6,100.0,0.0,3170.54
39,65,88,788,3,23,0,33.59,688.6,100.0,0.0,3170.54
39,65,89,788,3,22,0,33.59,688.6,100.0,0.0,3170.54
39,66,89,787,3,21,0,33.59,688.6,100.0,0.0,3170.54
39,65,88,789,3,23,0,33.59,688.6,100.0,0.0,3170.54
39,66,89,788,3,22,0,33.59,688.6,100.0,0.0,3170.54
39,66,89,789,3,22,0,33.59,688.6,100.0,0.0,3170.54
39,66,89,790,3,22,0,33.59,688.6,100.0,0.0,3170.54
39,66,89,791,3,22,0,33.59,688.6,100.0,0.0,3170.54
39,66,89,791,2,22,0,33.59,688.6,100.0,0.0,3170.54
39,66,89,791,3,22,0,33.59,688.6,100.0,0.0,3170.54
39,66,89,792,3,22,0,33.59,688.6,100.0,0.0,3170.54
39,66,89,792,3,23,0,33.59,688.6,100.0,0.0,3170.54
39,66,89,793,3,22,0,33.59,688.6,100.0,0.0,3170.54
39,66,90,793,3,22,0,33.59,688.6,100.0,0.0,3170.54
39,66,90,793,2,22,0,33.59,688.6,100.0,0.0,3170.54
39,66,89,793,3,22,0,33.59,688.6,100.0,0.0,3170.54
39,66,89,792,3,22,0,33.59,688.6,100.0,0.0,3170.54
39,66,89,794,3,21,0,33.59,688.6,100.0,0.0,3170.54
39,66,89,794,2,22,0,33.59,688.6,100.0,0.0,3170.54
39,66,90,796,2,22,0,33.59,688.6,100.0,0.0,3170.54
39,67,91,797,3,21,0,33.59,688.6,100.0,0.0,3170.54
39,67,91,799,3,21,0,33.59,688.6,100.0,0.0,3170.54
39,67,91,801,3,22,0,33.59,688.6,100.0,0.0,3170.54
39,67,92,803,3,22,0,33.59,688.6,100.0,0.0,3170.54
39,66,92,804,3,22,0,33.59,688.6,100.0,0.0,3170.54
40,67,92,803,3,22,0,33.59,688.6,100.0,0.0,3170.54
40,67,92,803,3,22,0,33.59,688.6,100.0,0.0,3170.54
39,67,92,804,3,22,0,33.59,688.6,100.0,0.0,3170.54
39,67,93,805,2,23,0,33.59,688.6,100.0,0.0,3170.54
39,66,92,806,3,23,0,33.59,688.6,100.0,0.0,3170.54
39,67,92,805,2,23,0,33.59,688.6,100.0,0.0,3170.54
40,67,92,805,3,22,0,33.59,688.6,100.0,0.0,3170.54
39,66,92,803,3,23,0,33.59,688.6,100.0,0.0,3170.54
39,66,91,802,4,22,0,33.59,688.6,100.0,0.0,3170.54
39,66,91,800,3,22,0,33.59,688.6,100.0,0.0,3170.54
39,66,91,800,3,22,0,33.59,688.6,100.0,0.0,3170.54
40,66,91,800,3,22,0,33.59,688.6,100.0,0.0,3170.54
39,66,91,799,3,22,0,33.59,688.6,100.0,0.0,3170.54
39,66,91,800,3,22,0,33.59,688.6,100.0,0.0,3170.54
39,67,91,800,3,22,0,33.59,688.6,100.0,0.0,3170.54
40,67,91,800,3,23,0,33.59,688.6,100.0,0.0,3170.54
40,66,91,799,3,22,0,33.59,688.6,100.0,0.0,3170.54
40,67,91,799,4,22,0,33.59,688.6,100.0,0.0,3170.54
39,66,92,800,3,22,0,33.59,688.6,100.0,0.0,3170.54
40,67,92,800,3,23,0,33.59,688.6,100.0,0.0,3170.54
40,66,92,800,3,22,0,33.59,688.6,100.0,0.0,3170.54
39,66,92,801,3,22,0,33.59,688.6,100.0,0.0,3170.54
40,67,92,801,3,23,0,33.59,688.6,100.0,0.0,3170.54
40,66,92,801,3,22,0,33.59,688.6,100.0,0.0,3170.54
40,67,91,801,3,23,0,33.59,688.6,100.0,0.0,3170.54
40,67,92,802,2,22,0,33.59,688.6,100.0,0.0,3170.54
40,67,91,802,3,22,0,33.59,688.6,100.0,0.0,3170.54
40,67,92,802,3,22,0,33.59,688.6,100.0,0.0,3170.54
40,67,92,801,3,23,0,33.59,688.6,100.0,0.0,3170.54
40,67,92,801,3,23,0,33.59,688.6,100.0,0.0,3170.54
40,67,92,801,2,22,0,33.59,688.6,100.0,0.0,3170.54
40,67,92,801,3,22,0,33.59,688.6,100.0,0.0,3170.54
39,66,92,801,3,24,0,33.59,688.6,100.0,0.0,3170.54
40,67,92,801,2,22,0,33.59,688.6,100.0,0.0,3170.54
40,66,92,801,3,22,0,33.59,688.6,100.0,0.0,3170.54
40,66,92,801,3,21,0,33.59,688.6,100.0,0.0,3170.54
40,67,92,801,3,22,0,33.59,688.6,100.0,0.0,3170.54
40,67,92,801,2,21,0,33.59,688.6,100.0,0.0,3170.54
40,67,92,801,3,22,0,33.59,688.6,100.0,0.0,3170.54
40,67,92,800,3,22,0,33.59,688.6,100.0,0.0,3170.54
39,67,92,801,3,22,0,33.59,688.6,100.0,0.0,3170.54
40,66,92,802,3,23,0,33.59,688.6,100.0,0.0,3170.54
40,67,93,802,3,23,0,33.59,688.6,100.0,0.0,3170.54
40,66,92,803,4,22,0,33.59,688.6,100.0,0.0,3170.54
39,66,93,803,3,23,0,33.59,688.6,100.0,0.0,3170.54
39,67,93,803,3,22,0,33.59,688.6,100.0,0.0,3170.54
40,67,92,803,3,23,0,33.59,688.6,100.0,0.0,3170.54
40,66,93,803,3,23,0,33.59,688.6,100.0,0.0,3170.54
40,66,93,803,2,23,0,33.59,688.6,100.0,0.0,3170.54
40,66,92,802,3,22,0,33.59,688.6,100.0,0.0,3170.54
40,66,93,802,3,23,0,33.59,688.6,100.0,0.0,3170.54
40,66,92,801,3,21,0,33.59,688.6,100.0,0.0,3170.54
40,66,92,799,3,22,0,33.59,688.6,100.0,0.0,3170.54
40,66,92,798,3,22,0,33.59,688.6,100.0,0.0,3170.54
40,66,92,798,3,23,0,33.59,688.6,100.0,0.0,3170.54
40,66,92,800,3,23,0,33.59,688.6,100.0,0.0,3170.54
40,67,93,799,3,21,0,33.59,688.6,100.0,0.0,3170.54
40,66,93,800,3,22,0,33.59,688.6,100.0,0.0,3170.54
39,67,93,801,3,22,0,33.59,688.6,100.0,0.0,3170.54
40,66,93,802,3,23,0,33.59,688.6,100.0,0.0,3170.54
40,67,94,803,3,23,0,33.59,688.6,100.0,0.0,3170.54
40,67,94,805,3,23,0,33.59,688.6,100.0,0.0,3170.54
40,66,95,806,3,22,0,33.59,688.6,100.0,0.0,3170.54
40,67,94,807,3,23,0,33.59,688.6,100.0,0.0,3170.54
41,68,95,809,3,22,0,33.59,688.6,100.0,0.0,3170.54
40,67,94,809,3,22,0,33.59,688.6,100.0,0.0,3170.54
40,67,95,809,3,23,0,33.59,688.6,100.0,0.0,3170.54
40,68,95,809,2,22,0,33.59,688.6,100.0,0.0,3170.54
40,67,95,810,3,22,0,33.59,688.6,100.0,0.0,3170.54
41,67,94,809,3,22,0,33.59,688.6,100.0,0.0,3170.54
40,67,94,809,2,23,0,33.59,688.6,100.0,0.0,3170.54
41,67,94,808,3,23,0,33.59,688.6,100.0,0.0,3170.54
40,67,95,808,3,22,0,33.59,688.6,100.0,0.0,3170.54
41,67,94,808,3,22,0,33.59,688.6,100.0,0.0,3170.54
41,67,94,807,3,23,0,33.59,688.6,100.0,0.0,3170.54
40,67,95,807,3,23,0,33.59,688.6,100.0,0.0,3170.54
40,67,94,807,2,23,0,33.59,688.6,100.0,0.0,3170.54
40,67,95,806,3,23,0,33.59,688.6,100.0,0.0,3170.54
41,66,95,806,3,23,0,33.59,688.6,100.0,0.0,3170.54
41,66,95,806,3,23,0,33.59,688.6,100.0,0.0,3170.54
40,67,96,807,3,23,0,33.59,688.6,100.0,0.0,3170.54
41,67,95,807,3,23,0,33.59,688.6,100.0,0.0,3170.54
40,67,95,807,3,23,0,33.59,688.6,100.0,0.0,3170.54
41,67,96,808,3,23,0,33.59,688.6,100.0,0.0,3170.54
41,67,95,808,3,23,0,33.59,688.6,100.0,0.0,3170.54
41,67,96,809,3,23,0,33.59,688.6,100.0,0.0,3170.54
41,67,95,808,3,22,0,33.59,688.6,100.0,0.0,3170.54
41,67,95,809,3,23,0,33.59,688.6,100.0,0.0,3170.54
41,67,96,809,3,23,0,33.59,688.6,100.0,0.0,3170.54
41,67,96,810,3,23,0,33.59,688.6,100.0,0.0,3170.54
41,67,96,810,3,22,0,33.59,688.6,100.0,0.0,3170.54
41,67,96,811,3,23,0,33.59,688.6,100.0,0.0,3170.54
41,67,96,811,2,23,0,33.59,688.6,100.0,0.0,3170.54
41,68,96,811,3,24,0,33.59,688.6,100.0,0.0,3170.54
41,68,96,811,3,23,0,33.59,688.6,100.0,0.0,3170.54
41,67,96,811,3,23,0,33.59,688.6,100.0,0.0,3170.54
41,68,96,812,3,25,0,33.59,688.6,100.0,0.0,3170.54
41,67,97,812,3,23,0,33.59,688.6,100.0,0.0,3170.54
41,68,97,812,3,23,0,33.59,688.6,100.0,0.0,3170.54
41,67,97,812,3,23,0,33.59,688.6,100.0,0.0,3170.54
41,68,97,813,3,23,0,33.59,688.6,100.0,0.0,3170.54
41,67,98,812,3,23,0,33.59,688.6,100.0,0.0,3170.54
41,68,97,812,3,23,0,33.59,688.6,100.0,0.0,3170.54
41,67,97,813,3,23,0,33.59,688.6,100.0,0.0,3170.54
41,68,98,812,3,23,0,33.59,688.6,100.0,0.0,3170.54
41,68,98,813,3,23,0,33.59,688.6,100.0,0.0,3170.54
42,68,97,813,3,23,0,33.59,688.6,100.0,0.0,3170.54
41,68,97,812,3,23,0,33.59,688.6,100.0,0.0,3170.54
42,68,98,813,2,23,0,33.59,688.6,100.0,0.0,3170.54
41,68,98,813,3,22,0,33.59,688.6,100.0,0.0,3170.54
41,67,97,811,3,23,0,33.59,688.6,100.0,0.0,3170.54
41,67,96,809,3,23,0,33.59,688.6,100.0,0.0,3170.54
41,67,96,808,3,23,0,33.59,688.6,100.0,0.0,3170.54
41,67,96,806,3,23,0,33.59,688.6,100.0,0.0,3170.54
41,67,96,806,3,23,0,33.59,688.6,100.0,0.0,3170.54
41,67,97,805,3,23,0,33.59,688.6,100.0,0.0,3170.54
41,66,97,805,3,23,0,33.59,688.6,100.0,0.0,3170.54
41,66,97,805,3,23,0,33.59,688.6,100.0,0.0,3170.54
41,67,97,806,2,23,0,33.59,688.6,100.0,0.0,3170.54
41,67,98,806,3,23,0,33.59,688.6,100.0,0.0,3170.54
41,67,97,807,3,23,0,33.59,688.6,100.0,0.0,3170.54
41,67,97,806,3,23,0,33.59,688.6,100.0,0.0,3170.54
41,67,97,805,3,23,0,33.59,688.6,100.0,0.0,3170.54
41,67,98,806,2,23,0,33.59,688.6,100.0,0.0,3170.54
41,67,97,805,3,23,0,33.59,688.6,100.0,0.0,3170.54
41,67,98,804,3,23,0,33.59,688.6,100.0,0.0,3170.54
41,67,97,805,3,23,0,33.59,688.6,100.0,0.0,3170.54
41,67,97,804,3,23,0,33.59,688.6,100.0,0.0,3170.54
41,67,97,804,3,23,0,33.59,688.6,100.0,0.0,3170.54
41,67,98,804,2,23,0,33.59,688.6,100.0,0.0,3170.54
41,67,98,804,3,25,0,33.59,688.6,100.0,0.0,3170.54
41,67,98,805,2,23,0,33.59,688.6,100.0,0.0,3170.54
41,67,98,805,3,23,0,33.59,688.6,100.0,0.0,3170.54
41,68,98,805,3,24,0,33.59,688.6,100.0,0.0,3170.54
41,67,98,806,3,22,0,33.59,688.6,100.0,0.0,3170.54
41,68,98,807,3,22,0,33.59,688.6,100.0,0.0,3170.54
41,68,98,807,3,22,0,33.59,688.6,100.0,0.0,3170.54
41,67,98,808,3,23,0,33.59,688.6,100.0,0.0,3170.54
41,68,98,807,3,23,0,33.59,688.6,100.0,0.0,3170.54
41,68,98,807,2,23,0,33.59,688.6,100.0,0.0,3170.54
41,68,98,808,3,23,0,33.59,688.6,100.0,0.0,3170.54
41,67,98,807,3,23,0,33.59,688.6,100.0,0.0,3170.54
41,67,98,807,3,23,0,33.59,688.6,100.0,0.0,3170.54
41,68,98,808,3,23,0,33.59,688.6,100.0,0.0,3170.54
41,68,98,808,2,23,0,33.59,688.6,100.0,0.0,3170.54
42,68,99,807,3,23,0,33.59,688.6,100.0,0.0,3170.54
41,68,99,808,3,23,0,33.59,688.6,100.0,0.0,3170.54
41,68,99,808,3,23,0,33.59,688.6,100.0,0.0,3170.54
41,68,99,809,3,23,0,33.59,688.6,100.0,0.0,3170.54
41,67,99,809,3,24,0,33.59,688.6,100.0,0.0,3170.54
42,68,99,808,3,23,0,33.59,688.6,100.0,0.0,3170.54
42,67,99,809,3,23,0,33.59,688.6,100.0,0.0,3170.54
41,68,99,808,2,22,0,33.59,688.6,100.0,0.0,3170.54
41,68,99,808,2,23,0,33.59,688.6,100.0,0.0,3170.54
42,68,99,807,3,23,0,33.59,688.6,100.0,0.0,3170.54
41,67,99,807,2,23,0,33.59,688.6,100.0,0.0,3170.54
42,67,99,806,3,23,0,33.59,688.6,100.0,0.0,3170.54
41,67,98,806,3,23,0,33.59,688.6,100.0,0.0,3170.54
42,67,99,806,3,23,0,33.59,688.6,100.0,0.0,3170.54
41,67,98,805,3,23,0,33.59,688.6,100.0,0.0,3170.54
42,67,99,806,3,22,0,33.59,688.6,100.0,0.0,3170.54
42,68,99,806,3,23,0,33.59,688.6,100.0,0.0,3170.54
42,68,99,806,3,23,0,33.59,688.6,100.0,0.0,3170.54
41,67,99,806,2,23,0,33.59,688.6,100.0,0.0,3170.54
42,67,99,805,2,23,0,33.59,688.6,100.0,0.0,3170.54
41,67,99,806,3,23,0,33.59,688.6,100.0,0.0,3170.54
42,68,99,807,3,24,0,33.59,688.6,100.0,0.0,3170.54
41,68,100,808,3,24,0,33.59,688.6,100.0,0.0,3170.54
42,68,100,809,3,23,0,33.59,688.6,100.0,0.0,3170.54
42,68,100,810,3,23,0,33.59,688.6,100.0,0.0,3170.54
41,68,100,810,3,23,0,33.59,688.6,100.0,0.0,3170.54
42,67,100,810,3,23,0,33.59,688.6,100.0,0.0,3170.54
42,68,100,810,3,23,0,33.59,688.6,100.0,0.0,3170.54
41,68,100,810,4,23,0,33.59,688.6,100.0,0.0,3170.54
42,68,100,811,3,23,0,33.59,688.6,100.0,0.0,3170.54
42,68,100,811,3,23,0,33.59,688.6,100.0,0.0,3170.54
41,68,100,811,3,23,0,33.59,688.6,100.0,0.0,3170.54
42,68,100,811,3,23,0,33.59,688.6,100.0,0.0,3170.54
42,67,100,811,3,23,0,33.59,688.6,100.0,0.0,3170.54
42,67,100,810,2,23,0,33.59,688.6,100.0,0.0,3170.54
41,68,101,811,3,23,0,33.59,688.6,100.0,0.0,3170.54
42,68,100,811,3,22,0,33.59,688.6,100.0,0.0,3170.54
42,68,101,812,2,23,0,33.59,688.6,100.0,0.0,3170.54
42,68,101,813,3,23,0,33.59,688.6,100.0,0.0,3170.54
42,68,102,814,3,23,0,33.59,688.6,100.0,0.0,3170.54
42,68,101,814,2,25,0,33.59,688.6,100.0,0.0,3170.54
42,68,102,816,3,23,0,33.59,688.6,100.0,0.0,3170.54
42,69,102,816,2,23,0,33.59,688.6,100.0,0.0,3170.54
43,68,102,818,2,22,0,33.59,688.6,100.0,0.0,3170.54
43,69,103,818,2,23,0,33.59,688.6,100.0,0.0,3170.54
42,68,103,820,3,22,0,33.59,688.6,100.0,0.0,3170.54
42,68,103,819,3,23,0,33.59,688.6,100.0,0.0,3170.54
43,69,104,821,3,23,0,33.59,688.6,100.0,0.0,3170.54
42,69,104,820,3,23,0,33.59,688.6,100.0,0.0,3170.54
43,68,103,820,3,23,0,33.59,688.6,100.0,0.0,3170.54
43,69,103,820,3,23,0,33.59,688.6,100.0,0.0,3170.54
42,68,103,819,3,23,0,33.59,688.6,100.0,0.0,3170.54
42,68,103,817,2,23,0,33.59,688.6,100.0,0.0,3170.54
42,68,103,816,3,23,0,33.59,688.6,100.0,0.0,3170.54
43,68,104,817,3,23,0,33.59,688.6,100.0,0.0,3170.54
42,68,104,815,3,23,0,33.59,688.6,100.0,0.0,3170.54
43,68,103,816,3,23,0,33.59,688.6,100.0,0.0,3170.54
42,69,104,817,3,23,0,33.59,688.6,100.0,0.0,3170.54
43,68,104,817,3,23,0,33.59,688.6,100.0,0.0,3170.54
43,68,104,817,3,23,0,33.59,688.6,100.0,0.0,3170.54
42,68,104,817,3,23,0,33.59,688.6,100.0,0.0,3170.54
42,68,103,816,3,22,0,33.59,688.6,100.0,0.0,3170.54
43,69,104,816,2,24,0,33.59,688.6,100.0,0.0,3170.54
43,68,103,815,3,23,0,33.59,688.6,100.0,0.0,3170.54
43,68,104,814,3,24,0,33.59,688.6,100.0,0.0,3170.54
42,68,103,814,3,23,0,33.59,688.6,100.0,0.0,3170.54
43,68,103,813,3,24,0,33.59,688.6,100.0,0.0,3170.54
42,68,104,813,3,23,0,33.59,688.6,100.0,0.0,3170.54
43,68,104,813,2,24,0,33.59,688.6,100.0,0.0,3170.54
43,68,104,814,3,24,0,33.59,688.6,100.0,0.0,3170.54
43,68,104,813,3,24,0,33.59,688.6,100.0,0.0,3170.54
43,68,104,812,2,22,0,33.59,688.6,100.0,0.0,3170.54
43,68,104,812,3,23,0,33.59,688.6,100.0,0.0,3170.54
42,68,104,812,3,23,0,33.59,688.6,100.0,0.0,3170.54
43,68,104,813,3,23,0,33.59,688.6,100.0,0.0,3170.54
43,68,104,812,3,24,0,33.59,688.6,100.0,0.0,3170.54
43,68,104,812,3,23,0,33.59,688.6,100.0,0.0,3170.54
43,68,104,811,3,24,0,33.59,688.6,100.0,0.0,3170.54
43,68,104,811,3,23,0,33.59,688.6,100.0,0.0,3170.54
43,67,104,810,3,24,0,33.59,688.6,100.0,0.0,3170.54
43,68,104,811,3,23,0,33.59,688.6,100.0,0.0,3170.54
43,68,104,812,3,23,0,33.59,688.6,100.0,0.0,3170.54
42,68,104,812,2,23,0,33.59,688.6,100.0,0.0,3170.54
43,68,104,812,3,24,0,33.59,688.6,100.0,0.0,3170.54
43,68,104,811,2,24,0,33.59,688.6,100.0,0.0,3170.54
42,68,104,811,2,24,0,33.59,688.6,100.0,0.0,3170.54
43,68,104,810,3,23,0,33.59,688.6,100.0,0.0,3170.54
43,68,104,809,4,24,0,33.59,688.6,100.0,0.0,3170.54
42,67,104,809,3,24,0,33.59,688.6,100.0,0.0,3170.54
42,68,104,810,2,23,0,33.59,688.6,100.0,0.0,3170.54
43,68,105,810,3,23,0,33.59,688.6,100.0,0.0,3170.54
43,68,105,810,3,23,0,33.59,688.6,100.0,0.0,3170.54
43,68,104,811,3,25,0,33.59,688.6,100.0,0.0,3170.54
43,68,105,810,3,24,0,33.59,688.6,100.0,0.0,3170.54
43,68,105,811,3,24,0,33.59,688.6,100.0,0.0,3170.54
43,68,105,812,2,24,0,33.59,688.6,100.0,0.0,3170.54
43,68,105,813,3,23,0,33.59,688.6,100.0,0.0,3170.54
42,69,106,813,3,24,0,33.59,688.6,100.0,0.0,3170.54
42,68,106,813,3,23,0,33.59,688.6,100.0,0.0,3170.54
43,68,105,813,3,23,0,33.59,688.6,100.0,0.0,3170.54
43,68,106,814,2,23,0,33.59,688.6,100.0,0.0,3170.54
43,68,106,813,3,24,0,33.59,688.6,100.0,0.0,3170.54
43,68,106,814,3,23,0,33.59,688.6,100.0,0.0,3170.54
43,68,106,814,2,23,9,33.59,688.6,100.0,0.0,3170.54
43,69,106,814,3,23,0,33.59,688.6,100.0,0.0,3170.54
43,68,106,815,3,23,0,33.59,688.6,100.0,0.0,3170.54
43,68,107,816,2,24,0,33.59,688.6,100.0,0.0,3170.54
43,69,107,816,2,24,0,33.59,688.6,100.0,0.0,3170.54
43,68,107,817,2,23,0,33.59,688.6,100.0,0.0,3170.54
43,69,108,817,2,24,0,33.59,688.6,100.0,0.0,3170.54
43,68,107,817,3,24,0,33.59,688.6,100.0,0.0,3170.54
44,69,107,817,3,23,0,33.59,688.6,100.0,0.0,3170.54
43,68,107,817,2,23,0,33.59,688.6,100.0,0.0,3170.54
43,68,106,816,3,23,0,33.59,688.6,100.0,0.0,3170.54
43,67,106,815,2,24,0,33.59,688.6,100.0,0.0,3170.54
43,68,106,814,3,23,0,33.59,688.6,100.0,0.0,3170.54
43,68,106,812,3,23,0,33.59,688.6,100.0,0.0,3170.54
43,68,106,811,4,23,0,33.59,688.6,100.0,0.0,3170.54
43,67,106,811,3,23,0,33.59,688.6,100.0,0.0,3170.54
43,68,106,811,3,23,0,33.59,688.6,100.0,0.0,3170.54
43,68,107,810,3,23,0,33.59,688.6,100.0,0.0,3170.54
43,68,107,810,2,24,0,33.59,688.6,100.0,0.0,3170.54
43,68,107,812,3,23,0,33.59,688.6,100.0,0.0,3170.54
43,68,107,812,2,23,0,33.59,688.6,100.0,0.0,3170.54
42,68,107,812,3,24,0,33.59,688.6,100.0,0.0,3170.54
43,68,107,814,3,24,0,33.59,688.6,100.0,0.0,3170.54
43,68,108,813,3,24,0,33.59,688.6,100.0,0.0,3170.54
43,68,108,814,3,23,0,33.59,688.6,100.0,0.0,3170.54
43,68,108,814,2,24,0,33.59,688.6,100.0,0.0,3170.54
43,69,108,814,3,23,0,33.59,688.6,100.0,0.0,3170.54
43,68,109,815,3,24,0,33.59,688.6,100.0,0.0,3170.54
43,68,109,815,2,24,0,33.59,688.6,100.0,0.0,3170.54
43,68,108,816,3,26,0,33.59,688.6,100.0,0.0,3170.54
43,69,108,816,3,24,0,33.59,688.6,100.0,0.0,3170.54
43,69,108,816,2,23,0,33.59,688.6,100.0,0.0,3170.54
43,69,108,816,3,23,0,33.59,688.6,100.0,0.0,3170.54
43,69,108,816,2,23,0,33.59,688.6,100.0,0.0,3170.54
43,69,108,816,3,23,0,33.59,688.6,100.0,0.0,3170.54
44,69,108,816,3,24,0,33.59,688.6,100.0,0.0,3170.54
43,69,108,816,3,23,0,33.59,688.6,100.0,0.0,3170.54
43,68,109,816,3,23,0,33.59,688.6,100.0,0.0,3170.54
44,69,109,816,3,24,0,33.59,688.6,100.0,0.0,3170.54
44,68,109,816,2,22,0,33.59,688.6,100.0,0.0,3170.54
43,68,109,816,2,23,0,33.59,688.6,100.0,0.0,3170.54
43,69,109,817,3,22,0,33.59,688.6,100.0,0.0,3170.54
44,69,109,817,3,23,0,33.59,688.6,100.0,0.0,3170.54
44,69,109,815,3,24,0,33.59,688.6,100.0,0.0,3170.54
43,69,110,815,3,25,0,33.59,688.6,100.0,0.0,3170.54
44,68,109,817,3,23,0,33.59,688.6,100.0,0.0,3170.54
43,68,109,816,3,23,0,33.59,688.6,100.0,0.0,3170.54
44,69,110,815,3,25,0,33.59,688.6,100.0,0.0,3170.54
43,69,109,815,3,24,0,33.59,688.6,100.0,0.0,3170.54
43,68,109,816,3,24,0,33.59,688.6,100.0,0.0,3170.54
44,68,109,815,3,24,0,33.59,688.6,100.0,0.0,3170.54
43,68,109,815,3,23,0,33.59,688.6,100.0,0.0,3170.54
43,69,110,816,3,23,0,33.59,688.6,100.0,0.0,3170.54
43,69,110,816,3,23,0,33.59,688.6,100.0,0.0,3170.54
43,69,109,816,2,23,0,33.59,688.6,100.0,0.0,3170.54
44,68,110,816,2,24,0,33.59,688.6,100.0,0.0,3170.54
44,68,109,816,3,23,0,33.59,688.6,100.0,0.0,3170.54
43,68,110,815,3,23,0,33.59,688.6,100.0,0.0,3170.54
44,68,110,815,3,24,0,33.59,688.6,100.0,0.0,3170.54
43,69,110,815,2,24,0,33.59,688.6,100.0,0.0,3170.54
43,68,110,815,2,23,0,33.59,688.6,100.0,0.0,3170.54
44,68,111,816,3,23,0,33.59,688.6,100.0,0.0,3170.54
44,68,110,815,3,23,0,33.59,688.6,100.0,0.0,3170.54
43,69,110,816,3,23,0,33.59,688.6,100.0,0.0,3170.54
44,68,110,815,3,25,0,33.59,688.6,100.0,0.0,3170.54
44,69,110,814,2,23,0,33.59,688.6,100.0,0.0,3170.54
44,68,110,813,3,23,0,33.59,688.6,100.0,0.0,3170.54
43,68,109,811,3,23,0,33.59,688.6,100.0,0.0,3170.54
43,68,109,811,3,24,0,33.59,688.6,100.0,0.0,3170.54
43,67,109,809,2,24,0,33.59,688.6,100.0,0.0,3170.54
43,68,109,809,3,23,0,33.59,688.6,100.0,0.0,3170.54
43,68,110,808,3,23,0,33.59,688.6,100.0,0.0,3170.54
43,68,110,809,3,24,0,33.59,688.6,100.0,0.0,3170.54
43,68,109,810,3,23,0,33.59,688.6,100.0,0.0,3170.54
43,68,109,809,2,24,0,33.59,688.6,100.0,0.0,3170.54
43,68,110,810,3,24,0,33.59,688.6,100.0,0.0,3170.54
43,68,109,808,3,24,0,33.59,688.6,100.0,0.0,3170.54
43,68,109,808,3,24,0,33.59,688.6,100.0,0.0,3170.54
43,67,109,808,2,24,0,33.59,688.6,100.0,0.0,3170.54
43,68,110,807,2,24,0,33.59,688.6,100.0,0.0,3170.54
43,68,109,807,3,23,0,33.59,688.6,100.0,0.0,3170.54
43,68,110,808,3,24,0,33.59,688.6,100.0,0.0,3170.54
43,68,109,807,3,24,0,33.59,688.6,100.0,0.0,3170.54
43,68,109,807,3,24,0,33.59,688.6,100.0,0.0,3170.54
43,68,110,807,3,23,0,33.59,688.6,100.0,0.0,3170.54
43,68,109,807,3,24,0,33.59,688.6,100.0,0.0,3170.54
43,68,109,807,3,24,0,33.59,688.6,100.0,0.0,3170.54
43,68,109,806,2,24,0,33.59,688.6,100.0,0.0,3170.54
43,68,110,807,3,24,0,33.59,688.6,100.0,0.0,3170.54
43,68,110,808,3,24,0,33.59,688.6,100.0,0.0,3170.54
43,68,110,808,3,24,0,33.59,688.6,100.0,0.0,3170.54
43,68,110,808,3,24,0,33.59,688.6,100.0,0.0,3170.54
43,69,110,809,4,24,0,33.59,688.6,100.0,0.0,3170.54
43,69,109,809,3,24,0,33.59,688.6,100.0,0.0,3170.54
43,68,110,810,3,26,0,33.59,688.6,100.0,0.0,3170.54
43,68,110,811,3,24,0,33.59,688.6,100.0,0.0,3170.54
43,68,111,810,2,23,0,33.59,688.6,100.0,0.0,3170.54
43,68,110,810,3,23,0,33.59,688.6,100.0,0.0,3170.54
43,68,110,810,2,25,0,33.59,688.6,100.0,0.0,3170.54
43,68,110,810,3,24,0,33.59,688.6,100.0,0.0,3170.54
43,68,110,809,3,23,0,33.59,688.6,100.0,0.0,3170.54
43,68,109,809,3,23,0,33.59,688.6,100.0,0.0,3170.54
43,68,110,809,3,24,0,33.59,688.6,100.0,0.0,3170.54
43,68,110,809,3,24,0,33.59,688.6,100.0,0.0,3170.54
43,68,110,809,3,24,0,33.59,688.6,100.0,0.0,3170.54
43,68,110,809,3,24,0,33.59,688.6,100.0,0.0,3170.54
43,69,110,810,2,25,0,33.59,688.6,100.0,0.0,3170.54
43,69,110,810,3,24,0,33.59,688.6,100.0,0.0,3170.54
43,69,110,810,3,24,0,33.59,688.6,100.0,0.0,3170.54
43,69,110,812,3,24,0,33.59,688.6,100.0,0.0,3170.54
43,69,111,812,3,24,0,33.59,688.6,100.0,0.0,3170.54
43,69,111,812,3,23,0,33.59,688.6,100.0,0.0,3170.54
43,69,110,812,3,24,0,33.59,688.6,100.0,0.0,3170.54
43,68,110,812,3,24,0,33.59,688.6,100.0,0.0,3170.54
43,68,111,813,3,24,0,33.59,688.6,100.0,0.0,3170.54
44,69,111,813,3,24,0,33.59,688.6,100.0,0.0,3170.54
43,68,111,813,3,24,0,33.59,688.6,100.0,0.0,3170.54
43,69,110,813,3,24,0,33.59,688.6,100.0,0.0,3170.54
43,69,110,813,3,24,0,33.59,688.6,100.0,0.0,3170.54
43,68,110,813,3,24,0,33.59,688.6,100.0,0.0,3170.54
43,69,111,812,3,24,0,33.59,688.6,100.0,0.0,3170.54
43,69,111,812,3,24,0,33.59,688.6,100.0,0.0,3170.54
43,68,111,812,3,24,0,33.59,688.6,100.0,0.0,3170.54
43,68,110,813,3,25,0,33.59,688.6,100.0,0.0,3170.54
43,69,110,812,3,24,0,33.59,688.6,100.0,0.0,3170.54
43,68,111,812,3,24,0,33.59,688.6,100.0,0.0,3170.54
44,69,110,812,3,24,0,33.59,688.6,100.0,0.0,3170.54
43,69,111,813,3,24,0,33.59,688.6,100.0,0.0,3170.54
43,69,111,813,3,25,0,33.59,688.6,100.0,0.0,3170.54
44,69,111,814,2,25,0,33.59,688.6,100.0,0.0,3170.54
43,69,111,814,3,24,0,33.59,688.6,100.0,0.0,3170.54
43,69,111,814,3,24,0,33.59,688.6,100.0,0.0,3170.54
43,69,112,815,3,24,0,33.59,688.6,100.0,0.0,3170.54
43,69,111,816,3,24,0,33.59,688.6,100.0,0.0,3170.54
44,69,112,817,2,24,0,33.59,688.6,100.0,0.0,3170.54
44,70,112,818,3,25,0,33.59,688.6,100.0,0.0,3170.54
43,69,112,819,3,24,0,33.59,688.6,100.0,0.0,3170.54
43,70,113,821,3,24,0,33.59,688.6,100.0,0.0,3170.54
44,69,113,821,3,24,0,33.59,688.6,100.0,0.0,3170.54
44,69,113,821,3,24,0,33.59,688.6,100.0,0.0,3170.54
44,70,113,821,3,24,0,33.59,688.6,100.0,0.0,3170.54
44,69,113,822,3,24,0,33.59,688.6,100.0,0.0,3170.54
44,70,113,821,3,24,0,33.59,688.6,100.0,0.0,3170.54
44,69,114,822,3,24,0,33.59,688.6,100.0,0.0,3170.54
44,70,114,822,3,24,0,33.59,688.6,100.0,0.0,3170.54
44,69,114,822,3,24,2,33.59,688.6,100.0,0.0,3170.54
44,70,114,822,3,24,0,33.59,688.6,100.0,0.0,3170.54
44,70,114,822,3,24,2,33.59,688.6,100.0,0.0,3170.54
44,69,114,823,4,25,0,33.59,688.6,100.0,0.0,3170.54
44,70,114,822,3,25,0,33.59,688.6,100.0,0.0,3170.54
44,70,113,822,3,23,0,33.59,688.6,100.0,0.0,3170.54
44,69,114,822,3,25,0,33.59,688.6,100.0,0.0,3170.54
44,69,114,822,3,24,0,33.59,688.6,100.0,0.0,3170.54
44,70,113,822,3,24,0,33.59,688.6,100.0,0.0,3170.54
44,70,114,821,3,25,0,33.59,688.6,100.0,0.0,3170.54
44,70,113,822,3,25,0,33.59,688.6,100.0,0.0,3170.54
44,69,114,821,3,25,0,33.59,688.6,100.0,0.0,3170.54
44,69,115,822,3,25,0,33.59,688.6,100.0,0.0,3170.54
44,69,115,822,3,24,0,33.59,688.6,100.0,0.0,3170.54
44,69,115,822,3,25,0,33.59,688.6,100.0,0.0,3170.54
45,69,116,822,3,24,0,33.59,688.6,100.0,0.0,3170.54
44,69,115,823,3,25,0,33.59,688.6,100.0,0.0,3170.54
45,70,115,823,4,25,0,33.59,688.6,100.0,0.0,3170.54
44,70,115,823,3,24,0,33.59,688.6,100.0,0.0,3170.54
44,70,115,823,3,24,1,33.59,688.6,100.0,0.0,3170.54
44,70,115,823,2,25,1,33.59,688.6,100.0,0.0,3170.54
44,70,115,823,3,24,0,33.59,688.6,100.0,0.0,3170.54
44,70,115,822,3,24,0,33.59,688.6,100.0,0.0,3170.54
45,69,116,822,3,24,1,33.59,688.6,100.0,0.0,3170.54
45,70,115,822,4,24,6,33.59,688.6,100.0,0.0,3170.54
45,69,115,822,2,24,32,33.59,688.6,100.0,0.0,3170.54
45,69,115,821,3,24,0,33.59,688.6,100.0,0.0,3170.54
44,70,115,820,3,24,4294967295,33.59,688.6,100.0,0.0,3170.54
